[
  {
    "input": {
      "A": [
        [1, 0, 0],
        [0, 1, 0],
        [0, 0, 1]
      ],
      "B": [
        [1, 0, 0],
        [0, 1, 0],
        [0, 0, 1]
      ],
      "M": 3,
      "N": 3,
      "K": 3
    },
    "output": {
      "port0": [
        [1, 0, 0],
        [0, 1, 0],
        [0, 0, 1]
      ]
    }
  },
  {
    "input": {
      "A": [
        [1, 2, 5],
        [4, 7, 9],
        [7, 5, 9]
      ],
      "B": [
        [5, 8, 9],
        [4, 5, 1],
        [-3,7, 8]
      ],
      "M": 3,
      "N": 3,
      "K": 3
    },
    "output": {
      "port0": [
        [-2, 53,  51 ],
        [21, 130, 115],
        [28, 144, 140]
      ]
    }
  },
  {
    "input":{
    "A": [[ 5, 74, 76, 42, 47],
          [37, 73, 53, 59, 38],
          [46, 25, 89, 81, 59],
          [ 0,  3,  9, 59, 18],
          [ 0, 84, 73, 85, 41]],
    "B": [[94, 79, 31, 26, 57],
          [ 0, 25, 83, 91, 27],
          [65, 25, 51, 99, 57],
          [ 3, 69, 56, 25, 79],
          [68, 64, 64, 38, 53]],
    "M": 5,
    "N": 5,
    "K": 5
    },
    "output":{
      "port0":
        [[ 8732, 10051, 15533, 17224, 12424],
         [ 9684, 12576, 15645, 15771, 13776],
         [14364, 15849, 16352, 16549, 17896],
         [ 1986,  5523,  5164,  3323,  6209],
         [ 7788, 12414, 18079, 18554, 15317]]
    }
  }
]

